2.122347056865692139e-02
9.100624173879623413e-02
1.131210997700691223e-01
1.662222146987915039e-01
2.182197123765945435e-01
2.466591745615005493e-01
2.904219627380371094e-01
3.245917558670043945e-01
3.559176027774810791e-01
3.832958638668060303e-01
4.178052544593811035e-01
4.463295936584472656e-01
4.640723764896392822e-01
4.908564388751983643e-01
5.102971196174621582e-01
5.232009887695312500e-01
5.392035245895385742e-01
5.560549497604370117e-01
5.663695335388183594e-01
5.749862194061279297e-01
5.786791443824768066e-01
5.916254520416259766e-01
5.926866531372070312e-01
5.865318179130554199e-01
5.981622934341430664e-01
5.884419679641723633e-01
5.873383283615112305e-01
5.782546997070312500e-01
5.751560330390930176e-01
5.617003440856933594e-01
5.533383488655090332e-01
5.413258671760559082e-01
5.224369168281555176e-01
5.061373114585876465e-01
4.939550459384918213e-01
4.771036207675933838e-01
4.542247354984283447e-01
4.363121092319488525e-01
4.161073863506317139e-01
3.932709097862243652e-01
3.717078566551208496e-01
3.551535308361053467e-01
3.228514194488525391e-01
3.064669072628021240e-01
2.839275896549224854e-01
2.593083679676055908e-01
2.403770387172698975e-01
2.096878886222839355e-01
1.902047395706176758e-01
1.675805151462554932e-01
1.393533051013946533e-01
1.178751513361930847e-01
9.652434289455413818e-02
7.016479223966598511e-02
5.055430531501770020e-02
3.697128593921661377e-02
2.538327127695083618e-02
1.833707839250564575e-02
1.184269692748785019e-02
8.192259818315505981e-03
4.329587798565626144e-03
2.546816365793347359e-03
1.103620510548353195e-03
3.820224665105342865e-04
