6.316538900136947632e-02
6.316538900136947632e-02
6.316538900136947632e-02
6.224569678306579590e-02
6.387738883495330811e-02
6.387738883495330811e-02
6.680703908205032349e-02
6.850223243236541748e-02
7.088491320610046387e-02
6.938458234071731567e-02
7.088491320610046387e-02
7.572060823440551758e-02
8.085168153047561646e-02
8.206281810998916626e-02
8.721168339252471924e-02
9.242969751358032227e-02
9.744594246149063110e-02
1.069615334272384644e-01
1.148889958858489990e-01
1.234204322099685669e-01
1.361785531044006348e-01
1.597790867090225220e-01
1.730428934097290039e-01
2.088691443204879761e-01
2.457615733146667480e-01
2.890021204948425293e-01
3.592236936092376709e-01
4.369585812091827393e-01
5.176360607147216797e-01
6.201927661895751953e-01
7.194787859916687012e-01
8.432116508483886719e-01
1.002458691596984863e+00
1.108683824539184570e+00
1.276037693023681641e+00
1.400728344917297363e+00
1.495884895324707031e+00
1.562989115715026855e+00
1.612818002700805664e+00
1.647658705711364746e+00
1.677736282348632812e+00
1.645853996276855469e+00
1.619290709495544434e+00
1.540222406387329102e+00
1.545308589935302734e+00
1.456589221954345703e+00
1.370311498641967773e+00
1.281485199928283691e+00
1.218308806419372559e+00
1.149105668067932129e+00
1.051571369171142578e+00
9.998580813407897949e-01
9.494297504425048828e-01
8.992267847061157227e-01
8.477143049240112305e-01
8.045378923416137695e-01
7.693113684654235840e-01
7.432998418807983398e-01
7.211380004882812500e-01
7.103062868118286133e-01
7.018385529518127441e-01
6.896436214447021484e-01
6.899805665016174316e-01
6.986914873123168945e-01
7.038052678108215332e-01
7.140988111495971680e-01
7.395047545433044434e-01
7.520206570625305176e-01
7.836806774139404297e-01
8.089560270309448242e-01
8.461481332778930664e-01
8.838368058204650879e-01
9.140834808349609375e-01
9.722386598587036133e-01
1.001948833465576172e+00
1.041238427162170410e+00
1.091206073760986328e+00
1.124072551727294922e+00
1.138705492019653320e+00
1.198769688606262207e+00
1.205097913742065430e+00
1.246141433715820312e+00
1.242069602012634277e+00
1.241411685943603516e+00
1.218079328536987305e+00
1.226318836212158203e+00
1.234961628913879395e+00
1.208711266517639160e+00
1.203588962554931641e+00
1.192686915397644043e+00
1.135296106338500977e+00
1.167845726013183594e+00
1.080359935760498047e+00
1.028999209403991699e+00
1.028999209403991699e+00
9.885615110397338867e-01
9.390497803688049316e-01
9.363428354263305664e-01
9.363428354263305664e-01
9.363428354263305664e-01
